Max=0.957153417
Min=-2.984131642
